41.375	56
41.750	36
52.800	36
57.875	56
69.100	56
79.525	56
86.250	24
90.450	56
100.575	56
110.350	56
120.900	56
130.200	56
137.900	56
146.400	56
155.100	56
164.975	56
175.025	56
184.025	56
191.625	56
199.775	56
208.150	56
216.375	56
224.500	56
232.125	56
232.550	36
241.375	56
251.050	56
258.375	20
259.675	56
262.925	40
268.475	56
277.425	56
287.125	56
294.575	56
302.225	56
310.125	56
318.975	56
324.475	20
326.500	56
330.225	40
333.700	56
341.275	56
349.075	56
355.975	56
362.825	56
369.925	56
377.300	56
384.725	56
391.825	56
398.325	20
399.375	56
406.500	40
406.875	56
407.775	24
413.625	56
420.575	56
426.700	56
433.150	56
439.650	56
446.025	56
452.500	56
458.800	56
464.350	56
474.500	0
479.900	20
492.150	40
509.150	52
523.575	24
539.100	0
552.100	52
556.000	28
568.950	20
579.400	24
588.100	40
590.475	52
592.375	0
615.625	28
619.350	24
629.625	52
629.675	36
641.650	0
649.500	24
664.600	28
665.450	52
670.750	20
673.525	28
681.925	24
682.900	0
693.550	60
709.225	28
714.225	24
715.450	40
718.325	28
719.550	52
726.950	0
739.850	24
763.350	24
771.850	0
772.225	52
773.850	28
788.075	24
822.400	24
822.550	0
845.000	28
866.025	24
890.300	52
923.000	0
929.050	60
944.200	24
992.950	28
995.050	0
2164.850	36
3046.650	20
3116.975	20
3194.775	20
3279.175	20
3368.525	20
3461.125	20
3511.375	40
3555.375	20
3581.025	40
3650.425	20
3657.975	40
3741.200	40
3745.975	20
3829.450	40
3841.650	20
3921.150	40
3937.150	20
4014.675	40
4032.525	20
4109.475	40
4128.100	20
4204.450	40
4223.400	20
4299.575	40
4318.875	20
4395.125	40
4414.250	20
4490.475	40
4496.750	36
4509.375	20
4586.800	40
4605.650	20
4631.100	36
4691.475	40
4704.925	20
4808.825	20
4817.150	40
4919.025	20
5031.100	20
5103.050	20
5172.300	40
5192.350	24
5197.675	20
5263.475	40
5303.000	20
5388.600	40
5402.375	20
5518.200	20
5576.100	36
5591.350	40
5607.725	20
5659.800	40
5693.650	20
5750.200	40
5813.775	20
5916.475	20
6006.675	20
6111.275	20
6219.950	20
6325.800	20
6422.400	20
6513.675	20
6599.425	20
6693.500	20
6790.700	20
6878.625	20
6961.050	20
7053.325	20
7156.350	20
7260.850	0
7266.625	20
7377.775	20
7491.600	20
7596.875	24
7604.550	20
7714.775	20
7827.750	20
7934.200	36
7935.125	24
7951.725	20
8092.225	20
8262.250	20
8397.925	20
8522.075	20
8637.500	20
8747.625	20
8853.650	20
8959.325	20
9067.475	20
9136.250	36
9180.975	20
9311.650	20
9510.300	20
9513.675	40
9598.000	40
9648.725	20
9717.375	40
9776.375	20
9878.175	36
9894.325	20
39.675	53
254.850	13
260.275	29
320.200	13
326.450	29
393.150	13
400.150	29
473.725	13
481.450	29
518.000	1
527.975	1
530.425	9
538.400	61
548.325	61
550.450	53
561.275	13
570.600	29
578.700	5
580.125	33
584.800	5
586.100	33
592.075	1
600.800	1
606.175	61
614.675	61
622.575	45
636.825	33
644.600	33
646.575	1
648.000	61
654.325	1
655.675	61
659.375	13
671.550	45
672.600	5
677.850	29
686.050	33
688.400	61
692.550	33
696.050	61
701.800	9
732.450	1
733.700	61
736.300	33
738.150	45
740.600	1
741.125	61
742.700	33
746.900	5
756.475	53
774.950	33
777.175	9
793.200	13
793.250	5
814.800	61
821.300	33
823.450	61
825.575	53
829.850	9
834.525	5
836.350	53
854.925	33
875.825	1
880.400	9
883.950	45
884.500	5
884.725	1
895.625	33
897.950	53
908.225	53
928.125	5
952.025	9
964.350	5
968.300	33
1004.600	45
1006.975	5
1765.000	9
2631.950	13
2702.750	13
2781.325	13
2866.400	13
2956.600	13
3049.825	13
3144.675	13
3184.225	9
3240.325	13
3337.550	13
3436.725	13
3535.950	13
3635.050	13
3659.350	29
3697.900	9
3728.425	29
3733.550	13
3804.550	29
3832.525	13
3887.050	29
3933.225	13
3974.525	29
4033.875	13
4065.675	29
4133.875	13
4158.825	29
4233.125	13
4253.000	29
4331.375	13
4347.850	29
4428.850	13
4443.025	29
4526.025	13
4538.375	29
4622.925	13
4633.575	29
4678.875	33
4719.200	13
4728.950	29
4763.750	53
4815.925	13
4824.825	29
4917.150	13
4924.200	29
5020.575	13
5027.250	29
5087.225	9
5108.650	29
5124.100	13
5195.225	29
5199.525	9
5228.150	13
5273.350	29
5334.875	13
5368.950	29
5447.150	13
5560.000	13
5669.750	13
5776.575	13
5880.450	13
5982.600	13
6082.800	13
6117.875	53
6127.025	9
6182.075	13
6284.050	13
6389.950	13
6496.350	13
6601.375	13
6664.100	53
6704.400	13
6805.725	13
6905.575	13
7006.025	13
7111.475	13
7218.925	13
7325.300	13
7376.950	33
7436.600	13
7550.425	13
7662.750	13
7771.300	13
7845.600	29
7878.450	13
7917.425	29
7986.700	13
7998.775	29
8089.125	29
8093.825	13
8187.800	29
8198.875	13
8299.125	29
8301.875	13
8402.925	13
8420.925	29
8502.775	13
8548.575	29
8601.550	13
8699.450	13
8796.850	13
8893.975	13
8996.325	13
9103.000	13
9159.375	9
9210.125	13
9322.025	13
9393.425	53
9438.400	9
9439.025	13
9554.575	13
9677.875	13
9813.900	13
9944.650	13
20.775	30
160.775	54
205.475	2
243.875	22
254.850	14
320.025	14
392.150	14
431.650	34
470.900	14
528.500	2
547.900	22
549.525	38
555.750	14
560.000	34
564.450	30
570.325	54
574.000	30
575.850	62
579.950	2
589.225	2
614.275	38
624.350	38
624.775	2
630.825	22
632.850	2
640.750	22
643.950	62
645.800	30
645.850	34
649.175	14
654.575	30
673.100	54
674.300	22
676.525	2
684.525	2
689.100	38
698.575	38
713.200	22
722.025	22
723.550	2
724.225	62
731.525	2
741.300	30
750.350	30
755.050	34
763.700	22
764.775	38
772.175	22
772.725	54
773.900	38
775.950	14
776.700	62
781.575	2
789.850	2
826.575	38
831.450	54
832.475	30
835.800	38
837.725	62
840.475	54
841.375	30
891.600	2
902.475	22
903.675	34
905.825	54
909.750	38
969.375	38
971.900	34
1001.925	22
2845.850	14
2916.300	14
2994.225	14
3078.725	14
3168.275	14
3261.050	14
3358.000	14
3457.525	14
3557.575	14
3657.175	14
3756.025	14
3856.675	14
3958.600	14
4060.275	14
4161.100	14
4260.675	14
4359.550	14
4457.625	14
4554.850	14
4651.875	14
4729.550	2
4748.475	14
4845.425	14
4944.650	14
5044.775	14
5144.875	14
5198.800	30
5208.350	30
5246.450	14
5351.575	14
5459.400	14
5549.550	34
5566.125	14
5670.800	14
5773.800	14
5875.050	14
5974.850	14
6073.775	14
6166.000	30
6171.800	14
6175.475	30
6270.775	14
6371.700	14
6473.150	14
6473.775	38
6573.725	14
6673.275	14
6772.250	14
6870.375	14
6901.050	2
6967.825	14
7067.450	14
7168.625	14
7269.850	14
7371.025	14
7474.450	14
7578.425	14
7681.200	14
7782.750	14
7883.100	14
7982.375	14
8072.425	34
8080.600	14
8178.300	14
8275.250	14
8371.925	14
8422.150	30
8431.700	30
8468.300	14
8564.425	14
8660.025	14
8755.625	14
8821.900	2
8851.400	14
8948.175	14
9047.650	14
9148.025	14
9248.600	14
9351.675	14
9455.550	14
9529.325	34
9536.000	22
9559.975	14
9573.050	38
9666.925	14
9773.475	14
9877.950	14
9980.825	14
85.750	47
101.025	47
115.025	47
131.725	47
142.775	47
154.300	47
169.500	47
181.475	47
200.750	47
216.775	47
227.750	47
242.275	47
258.350	39
265.500	47
266.400	31
274.775	47
281.850	47
289.425	47
298.275	47
308.300	47
317.575	47
324.300	39
325.700	47
333.650	47
334.275	31
340.350	47
347.800	47
354.800	47
361.100	47
366.525	47
397.825	39
411.775	31
478.750	39
499.250	31
516.975	43
525.475	59
525.550	35
526.325	19
533.550	11
538.725	11
559.425	7
560.325	3
564.575	7
565.850	55
567.025	39
571.050	55
574.350	23
579.500	23
583.700	35
586.150	19
587.525	43
597.225	31
598.100	43
620.725	7
620.750	55
624.350	23
625.500	55
625.575	7
627.950	35
628.075	3
629.000	23
639.800	59
645.825	11
650.875	11
652.525	43
661.250	19
662.275	43
663.025	39
674.350	55
674.675	23
676.400	7
679.150	55
679.400	23
680.175	35
681.150	7
684.075	3
711.325	31
714.325	55
725.800	23
726.975	3
728.675	59
730.600	23
732.775	19
746.150	11
751.125	11
752.650	43
759.500	55
768.325	3
771.725	23
777.700	39
784.550	19
786.700	7
790.425	59
791.725	7
794.400	55
799.400	3
818.275	23
823.450	55
834.800	11
835.750	19
839.800	11
850.750	43
854.025	55
857.525	59
857.650	7
859.525	3
862.700	7
868.625	23
896.050	55
924.450	59
925.625	19
942.700	7
942.775	35
947.200	55
948.000	7
955.125	11
960.250	11
967.725	43
982.450	59
1004.775	19
1005.300	39
2370.700	39
2442.775	39
2523.225	39
2610.750	39
2703.700	39
2799.325	39
2895.975	39
2993.000	39
2993.275	31
3065.375	31
3089.975	39
3145.550	31
3186.700	39
3232.525	31
3282.925	39
3325.925	31
3378.950	39
3424.375	31
3474.975	39
3524.600	31
3570.825	39
3625.450	31
3666.550	39
3725.425	31
3762.175	39
3825.900	31
3857.625	39
3928.425	31
3953.050	39
4030.850	31
4048.275	39
4132.600	31
4143.450	39
4233.125	31
4238.950	39
4332.575	31
4334.350	39
4429.500	39
4430.900	31
4524.900	39
4528.700	31
4621.100	39
4632.350	31
4719.200	39
4756.325	31
4819.425	39
4920.325	39
5021.200	39
5109.050	39
5187.900	39
5237.650	19
5260.925	39
5347.525	39
5443.850	39
5534.500	39
5622.375	39
5687.350	39
5778.625	39
5842.425	39
5914.875	39
5980.875	39
6063.850	39
6140.975	39
6146.550	43
6228.025	39
6318.275	39
6393.375	39
6462.175	39
6540.850	39
6625.425	39
6695.950	39
6770.550	39
6852.025	39
6932.725	39
6998.900	3
6999.525	39
7083.825	39
7105.175	31
7177.800	31
7178.975	39
7258.350	31
7278.600	39
7345.700	31
7377.950	39
7437.975	31
7476.350	39
7535.850	31
7573.600	39
7638.700	31
7670.125	39
7743.625	31
7755.425	19
7768.400	39
7848.300	31
7867.275	39
7956.525	31
7966.000	39
8067.200	39
8076.825	31
8172.125	39
8280.175	39
8388.500	39
8494.700	39
8598.600	39
8700.750	39
8801.100	39
8900.300	39
8990.425	3
8998.725	39
9096.525	39
9149.875	19
9193.600	39
9292.050	39
9296.225	31
9384.050	31
9391.950	39
9491.800	39
9536.800	31
9591.250	39
9693.050	39
9798.150	39
9809.575	43
9903.850	39
