10.550	14
12.375	56
18.225	41
23.900	56
30.025	41
66.400	23
69.775	24
77.325	10
84.525	54
94.100	21
102.175	24
113.375	51
114.775	24
140.350	24
153.450	56
161.425	56
166.225	24
184.825	10
184.950	24
200.250	24
214.250	51
217.425	24
231.450	41
236.925	3
239.550	41
241.075	24
246.325	29
254.825	0
254.825	1
254.825	5
254.825	8
254.825	11
254.825	13
254.825	15
254.825	16
254.825	27
254.825	28
254.825	31
254.825	32
254.825	36
254.825	38
254.825	40
254.825	44
254.825	45
254.825	48
254.825	49
254.825	50
254.825	55
254.825	57
255.300	61
255.900	37
256.450	42
257.875	7
258.100	52
259.575	24
267.400	60
280.775	24
298.975	54
299.850	3
302.700	6
309.400	51
311.000	24
312.025	29
319.775	8
319.775	13
319.775	16
319.775	27
319.775	28
319.775	31
319.775	32
319.775	36
319.775	38
319.775	40
319.775	44
319.775	45
319.775	49
319.775	55
319.775	57
319.825	0
319.825	1
319.825	5
319.825	11
319.825	15
319.825	48
319.825	50
320.675	61
321.150	37
322.050	42
324.125	7
324.225	52
335.425	60
344.525	24
350.300	14
364.700	24
369.925	3
382.225	15
382.275	28
386.200	29
388.600	24
391.450	8
391.450	13
391.450	16
391.450	27
391.450	31
391.450	32
391.450	36
391.450	38
391.450	40
391.450	44
391.450	45
391.450	49
391.450	55
391.450	57
391.550	0
391.550	1
391.550	5
391.550	11
391.550	48
391.550	50
393.275	61
393.400	37
395.000	42
398.125	7
398.200	52
410.475	24
412.450	60
429.200	24
433.750	56
441.700	56
446.900	3
452.075	33
455.575	15
455.675	28
457.850	18
460.225	24
463.775	18
463.950	1
468.900	29
469.650	0
469.650	5
469.650	11
469.650	48
469.650	50
469.700	8
469.700	13
469.700	16
469.700	27
469.700	31
469.700	32
469.700	36
469.700	38
469.700	40
469.700	44
469.700	45
469.700	49
469.700	55
469.700	57
472.200	37
473.050	61
473.575	7
475.375	42
480.950	52
490.200	24
499.150	60
508.400	6
509.425	24
512.550	10
513.350	43
514.950	41
516.600	20
517.050	51
519.600	4
519.775	30
520.375	23
521.550	54
522.550	20
522.925	41
523.550	35
523.750	34
524.375	43
524.650	62
525.525	25
525.675	2
526.100	21
528.025	19
529.875	23
530.500	3
531.475	4
534.850	14
536.425	15
536.550	34
536.625	28
539.300	24
541.075	1
553.550	8
553.550	13
553.550	16
553.550	32
553.550	36
553.550	38
553.550	40
553.550	44
553.550	45
553.550	49
553.550	55
553.550	57
553.575	27
553.650	0
553.650	5
553.650	11
553.650	48
553.650	50
554.125	59
554.525	31
555.850	7
556.800	24
556.900	52
557.025	37
559.500	29
559.600	61
563.475	42
575.200	25
575.950	30
577.100	41
577.475	43
578.625	46
580.025	21
581.550	54
583.000	26
583.875	41
584.325	24
585.575	30
586.050	18
586.500	43
589.025	20
591.925	54
592.125	18
593.050	26
594.950	20
597.575	60
599.500	24
601.000	53
601.675	2
602.375	23
603.800	56
611.075	23
612.000	56
614.900	51
615.925	59
616.475	24
617.950	35
619.425	19
620.100	9
620.325	62
622.000	34
623.400	3
623.525	15
624.450	28
625.775	1
626.950	30
629.400	37
632.675	25
632.950	34
634.075	43
635.900	46
636.375	24
636.550	30
641.850	16
641.850	57
641.875	45
641.900	40
642.000	0
642.000	5
642.000	11
642.000	48
642.000	50
642.375	43
642.525	54
642.700	32
642.825	36
643.050	10
643.175	44
643.450	55
643.550	13
643.550	38
644.175	49
645.125	8
646.475	27
650.075	7
650.450	31
650.525	52
651.550	61
653.900	24
661.850	12
663.025	21
663.350	29
664.550	42
664.650	2
665.250	59
667.725	4
670.750	24
673.150	41
673.450	23
673.875	25
674.375	19
674.525	53
676.775	62
677.100	20
678.775	4
680.075	54
680.575	41
682.000	23
682.600	43
682.825	24
684.525	17
684.975	26
685.825	18
686.300	62
688.325	54
689.475	46
689.675	17
691.300	43
691.975	30
692.175	58
692.950	35
693.700	24
694.425	26
702.725	30
704.125	6
704.500	59
704.675	24
707.050	9
713.300	60
714.675	15
715.925	1
719.925	24
722.425	28
724.000	25
724.700	37
725.850	20
728.575	3
729.025	10
733.175	53
733.225	16
733.250	57
733.450	0
733.450	5
733.450	11
733.450	48
733.450	50
734.025	54
734.100	21
734.250	40
734.350	45
734.975	35
737.875	24
738.075	36
738.100	32
739.725	44
741.500	55
741.575	13
741.575	38
747.925	49
749.925	61
751.675	59
752.875	8
756.075	46
760.625	34
761.275	24
761.600	12
762.625	23
763.000	9
763.625	2
763.650	52
764.200	41
768.000	7
770.125	19
771.575	4
771.600	31
771.600	51
771.950	23
772.475	41
772.675	34
772.850	9
773.275	30
774.200	17
774.225	35
778.350	62
778.750	24
779.250	17
783.375	53
783.650	20
783.950	43
784.050	25
784.325	27
788.375	15
788.750	62
790.075	59
794.800	10
799.350	24
802.175	54
803.425	46
804.425	12
809.050	1
811.500	18
812.025	54
812.050	46
814.500	58
815.375	3
818.125	35
820.050	53
820.175	20
820.825	39
821.800	21
821.925	42
826.350	16
826.625	0
826.625	5
826.625	11
826.625	48
826.625	50
828.375	24
829.350	57
830.175	40
831.650	45
835.600	59
839.825	36
840.550	37
841.175	32
842.400	28
843.050	44
848.125	13
848.125	38
852.925	55
853.275	41
856.325	24
856.475	46
858.650	12
860.775	61
860.925	41
862.350	25
862.650	17
863.675	6
864.125	4
867.575	17
871.650	20
872.650	2
873.325	19
874.050	53
875.575	35
877.975	15
877.975	49
879.950	51
883.300	30
888.350	59
888.800	24
891.050	54
893.225	43
895.875	58
901.875	10
903.400	1
911.125	21
912.500	60
914.700	41
915.250	18
920.100	12
920.425	7
920.900	0
920.900	5
920.900	11
920.900	48
920.900	50
920.925	16
922.125	41
923.200	52
926.850	57
929.950	40
930.525	3
931.225	8
935.075	20
935.625	45
938.050	24
945.975	36
948.050	6
949.375	35
950.175	54
951.475	32
952.675	44
953.575	24
956.950	2
963.000	10
963.400	13
963.400	38
964.150	43
966.325	17
971.300	24
971.325	17
972.075	15
972.125	21
974.800	58
976.200	51
977.250	19
977.575	25
979.550	1
980.600	55
981.575	37
986.675	28
998.500	61
1003.275	4
1003.425	20
1004.950	57
1006.225	35
1008.950	24
1015.650	0
1015.650	5
1015.650	11
1015.650	48
1015.650	50
1017.850	16
1018.600	31
1026.000	24
1033.250	40
1033.950	44
1041.350	24
1046.250	45
1050.400	49
1053.725	36
1063.650	24
1065.400	32
1067.600	15
1068.375	3
1070.175	1
1085.775	24
1086.175	13
1086.175	38
1098.850	39
1100.725	52
1106.075	24
1107.550	57
1110.725	0
1110.725	5
1110.725	11
1110.725	48
1110.725	50
1115.275	16
1119.450	37
1121.425	24
1126.125	28
1129.725	55
1137.825	40
1138.100	44
1138.650	24
1147.150	24
1158.225	45
1161.675	36
1163.325	15
1164.525	1
1173.475	24
1181.100	32
1182.250	7
1185.275	24
1194.975	13
1200.000	24
1203.825	61
1205.625	3
1205.700	0
1205.700	5
1205.700	11
1205.700	48
1205.700	50
1211.675	38
1213.950	16
1217.950	24
1227.975	49
1233.475	24
1238.725	57
1241.425	40
1246.500	44
1246.550	37
1258.000	24
1258.775	28
1258.875	15
1260.450	1
1262.700	52
1268.175	36
1268.175	45
1276.700	55
1276.775	24
1292.550	24
1294.575	32
1300.925	0
1300.925	5
1300.925	11
1300.925	48
1300.925	50
1303.500	13
1311.150	24
1314.025	16
1328.750	24
1331.925	3
1332.750	38
1336.000	1
1343.700	40
1351.975	24
1353.525	44
1354.325	15
1354.425	61
1363.925	24
1367.050	37
1373.000	36
1374.950	57
1375.025	45
1375.400	24
1375.700	49
1387.325	28
1393.400	24
1396.175	0
1396.175	5
1396.175	11
1396.175	48
1396.175	50
1404.825	32
1405.625	24
1411.275	55
1414.050	16
1419.950	24
1420.825	13
1427.075	1
1434.500	51
1436.850	24
1444.675	40
1448.950	38
1449.875	15
1450.750	3
1451.050	24
1457.650	44
1470.300	24
1472.275	52
1476.025	36
1479.675	45
1481.925	37
1488.475	24
1491.475	5
1491.475	11
1491.475	48
1491.475	50
1491.525	0
1499.525	57
1500.375	61
1509.150	24
1509.300	28
1511.950	32
1513.750	16
1514.325	49
1520.550	24
1521.925	1
1535.100	13
1537.000	24
1537.375	55
1544.400	40
1545.350	15
1547.450	24
1559.925	44
1560.775	38
1564.525	3
1565.300	24
1567.350	37
1576.575	24
1577.625	36
1582.675	45
1586.475	5
1586.475	11
1586.475	48
1586.475	50
1586.750	0
1591.300	24
1602.275	52
1609.250	24
1612.725	16
1616.725	32
1616.875	57
1618.150	1
1624.325	24
1625.175	28
1635.225	61
1639.525	24
1640.450	15
1641.175	49
1643.025	40
1644.775	13
1654.400	24
1656.850	55
1660.500	44
1665.725	24
1669.025	38
1669.675	37
1671.225	45
1674.225	3
1677.725	36
1680.375	24
1681.750	5
1681.750	11
1681.750	48
1681.750	50
1682.125	0
1695.300	24
1707.575	24
1711.000	16
1714.250	1
1719.475	32
1720.400	24
1729.100	57
1731.450	52
1733.700	24
1735.700	15
1736.350	28
1738.025	13
1740.925	40
1745.900	24
1750.100	45
1759.800	24
1759.800	44
1760.000	49
1761.325	61
1769.525	37
1770.025	55
1773.750	24
1774.050	38
1776.875	36
1777.175	5
1777.175	11
1777.175	48
1777.175	50
1777.450	0
1780.150	3
1791.525	24
1802.400	24
1808.575	16
1810.200	1
1819.475	24
1820.550	32
1831.025	15
1833.650	24
1833.800	13
1834.700	57
1838.125	40
1843.200	45
1843.675	28
1846.250	24
1851.650	52
1857.925	44
1860.750	37
1861.325	24
1870.650	5
1872.300	11
1872.300	48
1872.300	50
1872.675	0
1873.350	49
1874.775	36
1875.625	24
1877.200	38
1879.275	55
1880.000	61
1883.625	3
1888.325	24
1901.350	24
1905.475	16
1905.725	1
1911.250	24
1920.050	32
1924.100	24
1925.875	57
1926.375	15
1933.325	52
1934.275	13
1935.225	40
1938.325	24
1941.250	45
1946.475	37
1948.100	28
1951.225	24
1955.550	44
1955.750	5
1963.950	24
1967.475	11
1967.475	48
1967.475	50
1968.025	0
1972.450	36
1978.425	38
1978.450	24
1981.650	49
1984.975	55
1985.325	3
1992.675	61
1995.275	24
2001.325	1
2002.025	16
2011.900	24
2018.875	32
2021.450	15
2024.025	57
2027.425	28
2030.200	24
2031.800	40
2033.475	45
2035.350	13
2037.375	37
2039.775	52
2045.300	5
2047.825	24
2052.450	44
2061.550	24
2062.850	11
2062.850	48
2062.850	50
2063.375	0
2069.550	36
2076.550	24
2078.225	38
2085.475	3
2086.950	49
2088.150	55
2092.425	24
2096.450	1
2098.450	16
2100.650	61
2109.275	24
2113.550	56
2116.675	32
2116.750	15
2121.425	56
2123.400	45
2124.500	28
2124.850	57
2125.275	24
2128.075	40
2129.350	5
2133.675	13
2134.650	37
2139.700	24
2147.050	52
2148.875	44
2152.100	24
2154.450	10
2157.950	11
2157.950	48
2157.950	50
2158.600	0
2166.225	36
2170.950	24
2176.950	38
2183.350	3
2183.550	24
2189.525	55
2189.825	49
2191.750	1
2194.475	16
2199.925	24
2205.725	61
2211.950	15
2214.050	32
2215.700	24
2218.450	45
2219.875	5
2223.825	13
2224.200	40
2224.275	28
2225.325	57
2230.075	24
2233.725	37
2243.550	24
2245.075	44
2251.900	52
2253.325	11
2253.325	48
2253.325	50
2253.725	0
2259.250	24
2262.300	36
2270.325	3
2273.450	1
2274.300	24
2274.750	38
2287.175	24
2289.325	55
2290.350	16
2290.650	49
2295.525	60
2305.500	24
2307.325	15
2308.400	61
2310.850	32
2313.900	45
2314.275	5
2317.875	13
2320.050	40
2323.700	28
2324.900	57
2325.400	24
2327.825	7
2332.250	37
2337.500	52
2340.225	24
2341.050	44
2348.675	11
2348.675	48
2348.675	50
2349.100	0
2354.025	24
2358.375	36
2361.325	1
2362.900	3
2370.350	24
2371.750	38
2372.775	60
2386.275	16
2386.625	31
2388.050	55
2389.900	49
2392.350	7
2393.375	24
2402.700	15
2402.750	45
2406.350	8
2407.125	32
2407.400	24
2408.675	13
2409.200	61
2410.225	5
2415.550	40
2418.675	24
2422.075	28
2423.350	57
2428.775	24
2429.575	37
2430.125	52
2436.750	44
2443.350	24
2443.950	11
2443.950	48
2443.950	50
2444.425	0
2454.050	36
2454.575	1
2457.800	31
2458.950	3
2459.925	42
2462.650	60
2463.225	24
2466.825	7
2468.450	38
2477.525	8
2477.950	24
2482.000	16
2485.650	55
2488.325	49
2492.150	24
2495.400	45
2497.575	13
2497.850	15
2503.100	24
2503.175	32
2506.250	5
2508.225	61
2511.275	40
2512.900	24
2518.875	52
2519.575	28
2520.950	57
2525.475	24
2526.500	37
2530.875	42
2532.550	44
2536.625	31
2539.050	11
2539.050	48
2539.050	50
2539.800	0
2543.950	24
2549.625	36
2550.000	1
2550.825	7
2552.650	3
2556.450	8
2559.000	24
2559.300	27
2561.375	39
2564.675	60
2564.950	38
2572.175	55
2575.150	24
2577.400	16
2585.575	24
2586.000	49
2590.875	45
2591.550	13
2592.950	15
2597.925	24
2599.000	32
2599.500	10
2601.850	5
2601.900	37
2606.625	61
2606.900	40
2609.425	42
2612.175	24
2613.200	52
2616.725	28
2617.925	57
2622.025	31
2627.975	44
2628.650	24
2630.125	27
2632.975	29
2634.350	11
2634.350	48
2634.350	50
2635.100	0
2638.775	3
2641.900	8
2642.400	38
2642.800	7
2645.325	36
2645.575	1
2647.700	24
2654.700	55
2661.300	24
2672.950	60
2673.800	16
2675.725	24
2682.925	49
2686.875	45
2687.800	13
2688.375	15
2689.775	24
2692.625	37
2694.400	42
2694.850	32
2697.525	5
2702.400	40
2703.500	29
2703.925	61
2707.500	57
2709.325	27
2710.375	52
2711.275	24
2712.350	31
2716.525	28
2722.325	1
2723.650	44
2726.325	24
2729.725	11
2729.725	48
2729.725	50
2730.425	0
2730.900	3
2732.275	8
2735.275	38
2739.125	51
2739.975	7
2740.750	36
2742.925	24
2745.775	55
2762.425	24
2771.575	16
2775.450	37
2776.975	5
2779.500	49
2781.700	29
2781.850	60
2782.750	45
2783.750	15
2784.125	13
2784.575	24
2784.600	42
2790.600	32
2796.125	27
2796.600	57
2797.825	40
2801.100	61
2802.725	24
2805.775	31
2808.075	52
2811.650	8
2814.500	1
2814.825	55
2818.675	24
2818.750	28
2818.975	44
2825.000	11
2825.000	48
2825.000	50
2825.775	0
2826.275	3
2830.900	38
2833.525	14
2836.300	36
2837.975	24
2840.500	7
2858.775	24
2863.725	37
2865.125	5
2866.425	29
2869.700	16
2870.650	24
2875.500	49
2877.875	42
2878.525	45
2878.825	15
2880.350	13
2881.925	24
2886.100	32
2888.500	60
2888.900	27
2890.450	8
2892.825	24
2893.000	40
2893.000	57
2899.075	61
2900.875	31
2901.300	55
2905.275	52
2906.275	3
2909.000	24
2909.525	1
2914.375	44
2918.450	6
2920.225	11
2920.225	48
2920.225	50
2920.800	0
2920.900	28
2927.250	38
2929.075	24
2931.500	36
2941.675	7
2944.000	24
2956.175	29
2957.125	24
2957.900	37
2958.500	5
2968.025	16
2971.350	49
2972.500	42
2972.650	24
2974.025	15
2974.300	45
2976.275	13
2978.725	8
2981.625	32
2985.225	27
2988.450	40
2991.675	24
2991.975	57
2992.475	60
2995.350	55
2995.500	3
2996.675	31
2997.550	61
3000.175	24
3001.825	52
3005.425	1
3009.825	44
3012.600	24
3015.575	11
3015.575	48
3015.575	50
3016.175	0
3022.200	28
3022.525	7
3023.475	38
3026.750	36
3028.675	24
3040.325	24
3048.675	24
3049.025	29
3053.800	37
3054.150	5
3061.875	24
3065.925	16
3067.275	49
3067.775	42
3069.325	15
3069.850	45
3071.875	13
3072.475	24
3072.975	8
3077.150	32
3081.850	57
3083.075	27
3083.725	40
3087.175	1
3088.050	24
3089.725	3
3092.250	55
3092.625	31
3094.675	60
3095.900	61
3098.125	52
3098.775	24
3105.175	44
3110.925	11
3110.925	48
3110.925	50
3111.550	0
3115.425	24
3118.700	7
3119.175	38
3122.250	36
3122.575	28
3128.400	24
3132.325	5
3143.525	29
3144.800	24
3150.050	37
3161.575	24
3163.075	49
3163.150	16
3163.350	42
3164.700	15
3165.150	45
3167.550	13
3169.550	8
3170.200	57
3172.475	32
3177.150	1
3177.750	24
3178.975	40
3179.250	44
3180.950	27
3185.775	3
3188.175	31
3189.350	55
3193.825	61
3193.925	52
3194.875	60
3197.250	24
3205.975	11
3205.975	48
3205.975	50
3206.750	0
3214.825	38
3217.600	7
3217.675	36
3218.100	24
3221.325	5
3221.950	28
3229.625	24
3238.900	29
3246.250	37
3251.175	24
3258.750	49
3259.075	42
3259.825	15
3260.225	16
3260.525	45
3262.875	13
3265.075	57
3266.200	24
3266.300	8
3267.775	32
3269.675	44
3271.550	1
3274.125	40
3278.700	27
3282.000	3
3283.525	24
3283.800	31
3285.850	55
3289.725	52
3291.325	61
3293.875	60
3301.300	11
3301.300	48
3301.300	50
3302.025	0
3305.575	24
3310.500	38
3313.025	36
3314.050	7
3315.400	5
3320.500	28
3324.400	24
3334.550	29
3338.175	24
3342.225	37
3354.325	49
3354.575	42
3355.025	15
3355.725	45
3356.225	24
3356.900	16
3358.125	13
3362.175	57
3362.775	8
3363.225	32
3364.275	44
3367.350	1
3369.550	40
3375.800	27
3377.775	3
3379.575	31
3381.150	24
3382.050	55
3385.150	52
3388.200	61
3392.225	60
3395.550	33
3396.700	11
3396.700	48
3396.700	50
3397.325	0
3402.000	24
3403.425	7
3405.900	38
3408.300	36
3411.350	5
3418.050	24
3418.375	28
3430.225	29
3432.800	24
3437.950	37
3438.600	45
3446.725	1
3448.800	24
3449.600	49
3450.300	42
3450.325	15
3453.325	16
3453.550	13
3458.550	32
3458.675	8
3459.500	57
3460.000	44
3464.400	24
3464.725	40
3472.700	27
3472.925	30
3473.575	3
3475.250	31
3476.975	24
3477.950	55
3480.450	52
3484.975	61
3489.850	60
3491.825	11
3491.825	48
3491.825	50
3492.325	24
3492.450	0
3497.725	7
3501.375	38
3503.675	36
3507.525	5
3512.275	24
3516.000	28
3526.025	29
3530.275	45
3531.625	24
3533.375	37
3535.800	1
3545.225	49
3545.500	15
3547.575	24
3549.025	13
3549.500	16
3550.925	57
3551.875	42
3553.925	32
3554.300	8
3556.050	44
3559.925	40
3569.025	3
3570.325	24
3570.575	31
3573.300	27
3573.525	55
3575.950	52
3581.400	61
3584.525	24
3586.775	60
3586.975	11
3586.975	48
3586.975	50
3587.800	0
3596.500	7
3596.675	38
3599.050	36
3602.100	24
3603.200	5
3614.650	28
3617.825	24
3624.950	45
3628.600	37
3629.875	1
3630.225	24
3634.825	29
3636.000	14
3636.950	57
3640.850	15
3643.500	49
3644.425	13
3645.425	16
3649.300	32
3649.750	8
3651.425	24
3651.775	44
3655.000	40
3664.600	3
3665.975	24
3666.175	31
3668.750	55
3671.325	52
3671.775	42
3677.600	61
3677.975	24
3682.350	11
3682.350	48
3682.350	50
3682.950	0
3683.400	60
3691.950	38
3692.700	7
3694.175	36
3697.900	57
3698.925	24
3699.000	5
3704.025	27
3713.025	28
3715.875	18
3716.950	24
3720.325	45
3723.975	37
3725.600	1
3736.250	15
3739.675	24
3739.750	13
3741.050	16
3743.350	49
3744.400	32
3745.375	8
3747.200	44
3750.175	40
3751.550	24
3759.825	3
3761.725	31
3764.300	55
3764.800	29
3765.675	52
3772.875	24
3773.525	61
3777.475	11
3777.475	48
3777.475	50
3778.350	0
3779.675	60
3780.525	57
3783.275	7
3787.350	38
3788.125	24
3789.575	36
3794.550	5
3801.375	42
3804.850	24
3810.000	10
3811.350	28
3815.900	45
3819.325	37
3821.725	1
3825.050	24
3831.475	15
3835.150	13
3836.725	16
3839.675	32
3840.925	8
3842.650	44
3843.175	49
3844.025	24
3845.275	40
3852.850	52
3854.300	27
3859.000	3
3859.575	55
3860.425	57
3860.875	31
3861.300	24
3869.075	61
3872.700	11
3872.700	48
3872.700	50
3873.675	0
3875.600	60
3877.175	24
3879.050	7
3882.650	38
3884.750	36
3889.800	5
3890.425	28
3891.850	24
3894.150	29
3903.200	56
3911.050	45
3911.275	56
3911.350	24
3914.625	37
3917.425	1
3923.800	42
3926.800	15
3929.375	24
3930.500	13
3932.325	16
3932.625	10
3935.000	32
3936.425	8
3938.000	44
3940.450	40
3941.400	52
3942.500	49
3947.825	57
3955.025	55
3958.950	24
3962.000	3
3964.450	31
3964.600	61
3967.425	28
3967.850	11
3967.850	48
3967.850	50
3969.050	0
3972.025	60
3976.600	24
3977.775	38
3978.575	7
3980.025	36
3985.125	5
3985.600	27
3998.025	45
4009.950	37
4013.050	1
4015.000	29
4015.025	24
4022.050	15
4024.375	57
4025.800	13
4027.575	52
4027.600	16
4030.300	32
4031.675	8
4032.550	24
4033.425	44
4035.550	40
4039.675	42
4041.325	49
4050.400	55
4056.275	28
4059.125	24
4060.200	61
4063.200	11
4063.200	48
4063.200	50
4064.400	0
4065.450	3
4069.450	31
4072.925	38
4075.400	36
4077.075	24
4080.475	5
4081.000	7
4081.600	60
4089.700	45
4090.750	24
4105.350	37
4107.425	27
4108.450	1
4108.750	24
4115.425	8
4116.000	57
4117.325	15
4119.550	52
4121.175	13
4123.175	16
4125.400	32
4128.625	44
4129.125	29
4131.000	40
4134.575	24
4139.425	49
4145.775	55
4150.975	42
4151.275	38
4151.625	28
4154.375	24
4155.775	61
4158.475	11
4158.475	48
4158.475	50
4159.575	0
4168.400	3
4170.425	36
4171.775	24
4173.100	31
4175.700	5
4184.175	45
4185.125	7
4186.175	24
4200.150	24
4200.525	41
4200.700	37
4202.700	8
4203.725	1
4204.425	60
4208.500	41
4212.000	57
4212.450	15
4214.375	52
4216.450	13
4218.375	16
4220.400	24
4220.650	32
4221.725	27
4223.850	44
4226.325	40
4236.850	49
4238.500	29
4241.150	55
4242.925	38
4245.350	24
4248.725	28
4251.125	61
4253.500	11
4253.500	48
4253.500	50
4254.725	0
4258.350	42
4265.500	36
4269.225	24
4270.050	3
4270.900	5
4275.500	31
4279.175	35
4279.425	45
4288.275	7
4288.275	24
4295.125	52
4295.450	8
4296.000	37
4299.225	1
4304.900	24
4307.850	15
4309.150	57
4311.575	13
4313.725	16
4316.025	32
4319.200	44
4321.700	40
4324.550	24
4326.925	60
4331.075	27
4333.825	49
4336.275	55
4337.500	38
4343.125	24
4345.900	28
4346.650	61
4348.625	11
4348.625	48
4348.625	50
4349.900	0
4354.100	29
4360.950	36
4362.575	42
4366.175	5
4366.975	23
4370.050	3
4370.275	45
4372.250	24
4376.650	23
4377.225	31
4385.325	52
4387.125	24
4390.200	7
4391.325	37
4391.475	8
4394.475	1
4402.900	15
4406.100	57
4406.850	13
4408.900	16
4409.200	24
4411.325	32
4414.600	44
4417.075	40
4430.450	49
4431.675	55
4433.225	38
4434.350	24
4437.400	27
4441.875	61
4442.825	28
4443.075	60
4443.750	11
4443.750	48
4443.750	50
4444.975	0
4456.325	36
4458.075	45
4461.550	5
4461.775	62
4464.825	42
4469.400	3
4472.525	24
4479.975	52
4482.350	31
4485.200	29
4487.725	37
4489.375	8
4489.900	1
4490.825	7
4492.900	15
4499.825	24
4501.950	13
4502.450	57
4502.550	51
4504.150	16
4506.675	32
4509.975	44
4512.425	40
4523.950	24
4525.925	28
4526.700	49
4527.050	55
4529.200	38
4537.100	61
4538.975	11
4538.975	48
4538.975	50
4540.400	0
4541.050	27
4547.800	24
4550.950	45
4551.350	36
4556.850	60
4556.900	5
4567.150	42
4567.725	3
4568.000	24
4575.825	52
4578.550	15
4585.275	1
4586.125	37
4587.800	31
4587.950	8
4588.300	24
4590.325	7
4597.175	13
4598.275	57
4599.600	16
4599.725	28
4602.050	32
4605.275	44
4607.650	40
4611.450	24
4614.250	29
4622.400	55
4622.825	49
4624.850	38
4633.175	61
4634.425	11
4634.425	48
4634.425	50
4635.700	0
4645.675	27
4646.000	45
4646.675	36
4650.150	24
4651.975	5
4659.425	1
4665.275	3
4668.325	24
4670.350	15
4671.550	56
4671.600	52
4672.550	14
4677.225	42
4678.025	28
4679.450	56
4685.425	37
4686.525	8
4688.825	7
4692.250	13
4692.325	31
4693.500	24
4694.025	57
4695.000	16
4697.400	32
4700.600	44
4702.825	60
4702.875	40
4710.450	24
4717.700	55
4718.550	49
4720.400	38
4729.775	11
4729.775	48
4729.775	50
4730.450	61
4731.075	0
4732.225	29
4732.700	24
4741.450	45
4742.025	36
4746.800	1
4747.325	5
4750.175	27
4757.050	24
4762.500	3
4764.875	15
4765.700	52
4766.625	28
4773.500	8
4778.625	7
4784.500	37
4786.300	24
4787.700	13
4789.600	57
4789.950	42
4790.350	16
4792.675	32
4795.000	31
4795.775	44
4798.125	40
4809.250	24
4812.900	55
4814.150	49
4815.950	38
4824.900	11
4824.900	48
4824.900	50
4826.100	0
4828.150	61
4830.800	24
4831.325	1
4833.400	29
4837.200	36
4837.275	45
4842.600	5
4843.625	51
4852.950	52
4853.450	27
4855.450	3
4860.650	15
4861.400	28
4862.100	8
4863.125	24
4868.175	7
4883.050	37
4883.100	13
4885.000	57
4885.400	16
4887.850	32
4888.150	24
4891.175	44
4893.200	40
4896.350	31
4899.825	24
4900.450	42
4906.150	38
4908.050	55
4909.900	49
4920.050	11
4920.050	48
4920.050	50
4921.275	0
4922.925	1
4923.800	24
4925.825	61
4932.600	36
4932.850	45
4937.800	5
4938.900	29
4941.175	3
4941.175	24
4944.600	52
4951.475	28
4954.225	24
4955.125	27
4956.350	15
4956.675	8
4962.900	7
4977.575	24
4978.450	13
4979.375	55
4980.300	57
4980.825	16
4980.825	37
4983.225	32
4986.275	44
4988.600	40
4994.550	38
4995.975	31
5003.825	24
5005.200	49
5007.425	42
5009.450	1
5015.400	11
5015.400	48
5015.400	50
5016.475	0
5021.975	52
5022.950	3
5024.450	61
5027.750	36
5028.250	45
5033.100	5
5038.475	28
5044.825	29
5050.225	24
5051.775	15
5053.050	8
5055.500	27
5059.375	7
5061.150	24
5064.575	55
5073.675	13
5075.675	57
5076.225	16
5077.775	24
5078.125	37
5078.575	32
5081.325	44
5083.725	14
5083.975	40
5087.400	38
5092.500	24
5094.725	31
5098.100	1
5100.575	49
5110.725	11
5110.725	48
5110.725	50
5110.975	24
5111.725	0
5112.250	42
5113.075	3
5113.825	52
5123.100	36
5123.400	45
5123.750	61
5128.275	5
5129.275	24
5131.625	28
5138.550	24
5145.125	30
5147.050	15
5148.600	29
5150.100	8
5154.725	27
5156.050	7
5156.475	24
5157.075	55
5168.800	13
5170.925	57
5171.550	16
5172.525	51
5173.900	32
5174.925	37
5175.575	24
5176.700	44
5179.025	40
5182.350	38
5191.250	52
5191.975	1
5192.925	31
5195.125	24
5195.975	49
5205.900	11
5205.900	48
5205.900	50
5207.000	0
5207.800	3
5208.200	24
5209.625	28
5215.400	42
5218.375	36
5218.800	45
5222.725	61
5223.575	5
5223.800	24
5228.650	15
5242.725	7
5242.900	24
5246.800	8
5252.550	55
5255.300	29
5256.825	24
5260.650	27
5264.200	13
5266.200	57
5266.725	16
5269.075	32
5270.125	24
5271.200	37
5271.850	44
5274.375	40
5277.950	38
5282.575	52
5287.575	1
5290.300	31
5293.650	49
5293.700	28
5295.725	24
5301.025	11
5301.025	48
5301.025	50
5302.200	0
5304.075	3
5308.450	24
5313.750	36
5314.250	45
5316.750	15
5318.650	5
5322.125	61
5324.450	24
5329.150	42
5332.100	7
5339.375	24
5343.150	8
5348.775	55
5351.475	24
5355.450	52
5355.850	37
5359.550	13
5361.175	24
5361.500	57
5361.950	16
5364.450	32
5367.175	44
5369.750	40
5373.625	38
5378.250	24
5383.775	1
5385.800	28
5387.300	31
5393.525	49
5393.675	24
5396.225	11
5396.225	48
5396.225	50
5397.500	0
5400.450	3
5407.000	29
5408.175	24
5408.925	36
5409.525	45
5410.125	15
5414.075	5
5422.425	61
5422.725	24
5426.075	7
5429.175	27
5439.100	8
5440.275	52
5441.350	24
5444.850	55
5446.975	37
5452.325	42
5454.850	13
5456.625	57
5457.050	16
5459.500	32
5462.425	24
5462.425	44
5465.125	40
5468.350	28
5469.025	38
5478.550	1
5481.675	24
5483.875	31
5491.400	11
5491.400	48
5491.400	50
5492.825	0
5493.750	49
5496.450	3
5498.725	24
5504.100	36
5504.625	45
5505.500	15
5509.425	5
5515.600	24
5521.825	7
5522.175	61
5532.950	52
5534.650	8
5534.950	24
5540.775	55
5541.800	37
5550.150	13
5551.150	28
5551.850	57
5552.125	16
5552.150	24
5554.725	32
5557.650	44
5560.450	40
5564.575	38
5565.825	1
5569.150	24
5572.075	42
5580.200	31
5581.350	29
5586.825	11
5586.825	48
5586.825	50
5588.125	0
5588.950	24
5592.425	3
5593.425	49
5599.450	36
5600.050	45
5601.375	15
5604.775	5
5613.875	52
5616.300	24
5617.575	7
5621.325	61
5622.850	27
5630.300	8
5636.450	55
5637.900	37
5642.525	28
5645.175	13
5645.925	24
5647.150	57
5647.575	16
5650.100	32
5653.025	44
5655.500	40
5657.500	1
5659.925	38
5672.525	24
5676.250	31
5682.050	11
5682.050	48
5682.050	50
5683.500	0
5686.500	42
5687.825	3
5689.600	24
5692.525	49
5694.725	36
5695.425	45
5697.000	15
5700.125	5
5703.900	14
5706.450	52
5711.600	29
5712.950	7
5713.400	24
5719.525	61
5725.875	8
5731.900	55
5734.025	37
5734.950	57
5735.950	24
5738.050	28
5740.375	13
5742.800	16
5745.325	32
5748.400	44
5750.750	40
5751.400	27
5751.850	1
5753.225	24
5755.250	38
5772.150	31
5777.150	24
5777.450	11
5777.450	48
5777.450	50
5778.825	0
5783.450	3
5789.975	36
5790.550	45
5790.550	49
5792.750	15
5795.325	5
5796.075	42
5800.475	7
5802.250	52
5806.925	24
5817.350	61
5820.575	57
5821.450	8
5827.350	55
5829.825	24
5830.075	37
5834.250	29
5834.525	28
5835.725	13
5837.975	16
5840.625	32
5843.725	44
5846.125	40
5847.500	1
5850.500	38
5867.775	31
5869.425	24
5872.725	11
5872.725	48
5872.725	50
5873.675	60
5873.875	0
5874.675	27
5877.025	7
5878.650	3
5885.100	36
5885.925	45
5888.325	15
5888.350	49
5888.850	24
5890.550	5
5892.150	52
5896.250	55
5901.875	42
5909.750	24
5910.975	28
5912.625	57
5914.725	61
5916.925	8
5923.325	62
5925.825	37
5927.575	24
5931.125	13
5933.075	16
5935.975	32
5939.075	44
5939.350	24
5941.500	40
5943.275	1
5944.925	60
5945.675	38
5948.900	29
5957.725	24
5961.575	7
5963.375	31
5968.000	11
5968.000	48
5968.000	50
5969.250	0
5974.125	3
5974.250	24
5980.325	36
5980.475	52
5981.250	45
5983.175	55
5983.800	15
5985.275	49
5985.775	5
5988.400	24
5988.425	28
5990.875	27
